6 0.049271 0.343354 0.344831 0.343354 0.344831 0.712246 0.049271 0.712246
6 0.024612 0.844909 0.288567 0.844909 0.288567 0.994994 0.024612 0.994994
6 0.655169 0.353060 0.759405 0.353060 0.759405 0.643971 0.655169 0.643971
6 0.643916 0.831728 0.937672 0.831728 0.937672 0.994252 0.643916 0.994252
6 0.903321 0.258811 0.953070 0.258811 0.953070 0.378292 0.903321 0.378292
6 0.883777 0.465120 0.933526 0.465120 0.933526 0.750095 0.883777 0.750095
6 0.083032 0.500943 0.115396 0.442470 0.166576 0.413234 0.183887 0.360419 0.203456 0.349102 0.268184 0.411348 0.286248 0.413234 0.308074 0.419836 0.332159 0.437755 0.335922 0.477365 0.323127 0.492455 0.323127 0.516976 0.323880 0.543383 0.321622 0.563188 0.320117 0.567904 0.317106 0.604685 0.308074 0.605628 0.310332 0.626377 0.315601 0.660329 0.314848 0.698997 0.290011 0.706541 0.100343 0.676362 0.051421 0.555644 0.056690 0.482081 0.072495 0.488683 0.076258 0.506602
6 0.725656 0.365585 0.751223 0.440802 0.756781 0.522983 0.757337 0.631629 0.740663 0.644165 0.663962 0.628147 0.657292 0.605861 0.665629 0.500000 0.665073 0.458909 0.660627 0.428265 0.663406 0.407372 0.660627 0.389961 0.656736 0.378817 0.697310 0.357227 0.718430 0.362799
6 0.919075 0.295243 0.910738 0.373246 0.918519 0.364888 0.926856 0.346084 0.935749 0.360710 0.944642 0.339120 0.949088 0.316833 0.951312 0.284100 0.949644 0.266689 0.939084 0.263903 0.932970 0.272957 0.929635 0.291065 0.926301 0.297333 0.922410 0.302904
6 0.890173 0.475624 0.890173 0.510447 0.887394 0.548752 0.894620 0.584967 0.889618 0.670631 0.888506 0.706150 0.888506 0.738186 0.890173 0.747240 0.910182 0.743758 0.914073 0.725650 0.916852 0.707543 0.929080 0.675506 0.929635 0.639987 0.925745 0.600985 0.923522 0.580788 0.920187 0.552930 0.911294 0.549448 0.911294 0.532037 0.911850 0.498607 0.900178 0.469356
6 0.036865 0.991196 0.030533 0.979062 0.027181 0.962727 0.037982 0.936593 0.043196 0.925859 0.044686 0.902991 0.053252 0.881523 0.063681 0.867055 0.084165 0.854921 0.097201 0.849321 0.269270 0.854454 0.267036 0.867522 0.267036 0.877789 0.270015 0.890390 0.278209 0.909058 0.285285 0.945460 0.286775 0.956660 0.280444 0.968794 0.271505 0.973461 0.260332 0.973461 0.252138 0.989796 0.245806 0.993996
6 0.652889 0.989796 0.649537 0.979062 0.655868 0.955727 0.658475 0.932392 0.658848 0.910458 0.670394 0.864255 0.675235 0.848854 0.685664 0.836253 0.926263 0.836253 0.928498 0.849321 0.929615 0.862855 0.930733 0.881523 0.934830 0.893657 0.935947 0.916525 0.931850 0.934726 0.925891 0.947793 0.918814 0.961327 0.920304 0.972528 0.931105 0.989329 0.931478 0.993063 0.710245 0.993996 0.708011 0.976262 0.699817 0.956660 0.690506 0.956194 0.687154 0.964594 0.693485 0.979062 0.696465 0.992129