6 0.119565 0.142222 0.197205 0.142222 0.197205 0.453425 0.119565 0.453425
6 0.403209 0.355195 0.431677 0.355195 0.431677 0.443264 0.403209 0.443264
6 0.509173 0.184857 0.708592 0.184857 0.708592 0.397959 0.509173 0.397959
6 0.135611 0.602464 0.245918 0.602464 0.245918 0.887175 0.135611 0.887175
6 0.313147 0.588492 0.394928 0.588492 0.394928 0.835761 0.313147 0.835761
6 0.561594 0.556736 0.632086 0.556736 0.632086 0.752114 0.561594 0.752114
6 0.730233 0.562278 0.850394 0.562278 0.850394 0.738608 0.730233 0.738608
6 0.787103 0.743860 0.829297 0.743860 0.829297 0.839153 0.787103 0.839153
6 0.192242 0.225234 0.193947 0.331235 0.173487 0.317985 0.157289 0.301248 0.148764 0.274748 0.149616 0.244761 0.162404 0.257314 0.158142 0.239182 0.150469 0.216169 0.141091 0.197340 0.124041 0.190366 0.128303 0.160379 0.140239 0.147129 0.154731 0.146431 0.168372 0.161076 0.179454 0.192458 0.180307 0.215471 0.178602 0.227327 0.183717 0.237090
6 0.187980 0.391907 0.183717 0.449789 0.171782 0.445605 0.168372 0.434447 0.170929 0.421894 0.177749 0.415618 0.170077 0.393302 0.170077 0.387723
6 0.558824 0.394696 0.548593 0.354946 0.548593 0.322170 0.545183 0.308919 0.525575 0.288696 0.519608 0.275445 0.512788 0.265682 0.516198 0.239182 0.534953 0.224537 0.544331 0.210590 0.554561 0.193155 0.593777 0.187576 0.616795 0.200826 0.616795 0.212682 0.607417 0.218958 0.642370 0.229419 0.648338 0.233603 0.679028 0.234998 0.704604 0.253827 0.697783 0.269169 0.679881 0.283814 0.661125 0.297064 0.652600 0.327749 0.644075 0.350762 0.632140 0.366104 0.614237 0.382144 0.577579 0.391907
6 0.403666 0.370288 0.409633 0.441421 0.417306 0.437236 0.426684 0.408644 0.428389 0.380052 0.428389 0.361222 0.410486 0.358433 0.411338 0.366104
6 0.319537 0.592198 0.314660 0.834435 0.324415 0.834435 0.332776 0.813916 0.332776 0.796817 0.352285 0.763759 0.350195 0.744380 0.362737 0.718162 0.379459 0.672564 0.376672 0.664014 0.388517 0.654325 0.393395 0.617847 0.393395 0.600748 0.373885 0.593908 0.349498 0.593338
6 0.153727 0.738801 0.138716 0.725675 0.142857 0.703658 0.150104 0.679524 0.149068 0.661318 0.141304 0.651156 0.185818 0.635490 0.179089 0.616437 0.186335 0.605428 0.206004 0.612203 0.215839 0.625752 0.230331 0.649886 0.237060 0.678677 0.238095 0.701118 0.238613 0.730333 0.242236 0.779871 0.243271 0.800195 0.238613 0.822212 0.232919 0.813744 0.228778 0.810357 0.226190 0.820518 0.228261 0.840418 0.225673 0.856931 0.215839 0.879795 0.206004 0.884029 0.221532 0.776484 0.216356 0.787069 0.211180 0.793844 0.206522 0.804429 0.203416 0.809086 0.180124 0.793844 0.165631 0.774790 0.158385 0.760818
6 0.568841 0.558430 0.625259 0.566898 0.625259 0.687145 0.619565 0.696460 0.626812 0.712126 0.629917 0.724829 0.626812 0.741765 0.605072 0.748116 0.589027 0.737531 0.583333 0.711280 0.586957 0.692226 0.590062 0.669786 0.587992 0.652003 0.582816 0.646498 0.567805 0.638030 0.563665 0.622364 0.563665 0.604158 0.563665 0.591032 0.563665 0.574943 0.566253 0.562241
6 0.845756 0.645652 0.845756 0.671479 0.839545 0.699848 0.837992 0.717207 0.835404 0.730756 0.822464 0.735414 0.789337 0.718054 0.774327 0.707045 0.756729 0.700271 0.741718 0.696884 0.732919 0.679101 0.735507 0.623635 0.737060 0.587222 0.750518 0.564358 0.768634 0.565205 0.780021 0.571132 0.807453 0.572402 0.814700 0.579177 0.829710 0.593149 0.834369 0.596960 0.843168 0.613049
6 0.799172 0.763782 0.806418 0.747692 0.818841 0.747692 0.827122 0.761665 0.827640 0.781142 0.825052 0.814591 0.820911 0.827716 0.803313 0.831527 0.797101 0.832374 0.796584 0.837031 0.789855 0.830680 0.789855 0.804429 0.791925 0.788763 0.798137 0.768863