6 0.290182 0.291617 0.455470 0.291617 0.455470 0.665962 0.290182 0.665962
6 0.139234 0.389855 0.227539 0.389855 0.227539 0.679358 0.139234 0.679358
6 0.596607 0.283431 0.708308 0.283431 0.708308 0.619820 0.596607 0.619820
6 0.751328 0.068350 0.906805 0.068350 0.906805 0.584097 0.751328 0.584097
6 0.139234 0.861693 0.450187 0.861693 0.450187 0.995654 0.139234 0.995654
6 0.624532 0.823738 0.672835 0.823738 0.672835 0.917510 0.624532 0.917510
6 0.788311 0.886253 0.946051 0.886253 0.946051 0.996398 0.788311 0.996398
6 0.186646 0.396090 0.161306 0.398528 0.153889 0.416201 0.147091 0.440579 0.148945 0.469223 0.153271 0.491773 0.160688 0.510665 0.157598 0.521026 0.148327 0.549670 0.147709 0.563077 0.146473 0.586236 0.146473 0.607567 0.147091 0.658760 0.152035 0.667902 0.173667 0.670949 0.184174 0.668511 0.197153 0.663636 0.207660 0.663636 0.218785 0.667292 0.215695 0.487506 0.194681 0.483850 0.179230 0.485069 0.177375 0.480193 0.189737 0.468004 0.191591 0.444845 0.192827 0.430828 0.194681 0.408888
6 0.325709 0.361961 0.347959 0.365618 0.360320 0.361961 0.352903 0.335145 0.359702 0.311987 0.373299 0.305892 0.386090 0.294467 0.406191 0.296355 0.409146 0.305892 0.417799 0.320519 0.422125 0.335755 0.417200 0.362427 0.407292 0.401575 0.404756 0.427084 0.404820 0.448502 0.404756 0.471919 0.411000 0.485069 0.423979 0.497258 0.440667 0.524682 0.446229 0.542966 0.450556 0.561249 0.450556 0.600863 0.450556 0.624631 0.446229 0.634992 0.411000 0.644133 0.358465 0.646571 0.315820 0.645352 0.293570 0.625850
6 0.701486 0.304064 0.687271 0.294313 0.666257 0.293703 0.658222 0.313815 0.661312 0.344287 0.672437 0.364399 0.666875 0.396699 0.660694 0.410107 0.649569 0.419858 0.647715 0.396699 0.655132 0.384510 0.655132 0.358914 0.641535 0.354038 0.630410 0.374150 0.629173 0.393652 0.629173 0.409498 0.631646 0.419858 0.632882 0.433875 0.626701 0.445455 0.616812 0.463738 0.608160 0.477755 0.601979 0.486897 0.603833 0.497867 0.608778 0.507618 0.610014 0.513712 0.603833 0.521635 0.600125 0.528949 0.601979 0.547232 0.609396 0.558202 0.608778 0.571000 0.612486 0.585627 0.631646 0.599035 0.657604 0.614271 0.678000 0.617927 0.690979 0.332098 0.692215 0.323566 0.697159 0.319300
6 0.880104 0.071256 0.844603 0.076899 0.841731 0.088226 0.838076 0.096853 0.848911 0.097665 0.851673 0.132201 0.843020 0.169986 0.843020 0.188269 0.813354 0.209600 0.792958 0.233368 0.782451 0.248604 0.771944 0.283343 0.764527 0.352210 0.779361 0.566734 0.882576 0.578314 0.902972 0.560640 0.902972 0.527730 0.896173 0.496648 0.887520 0.475318 0.887520 0.459472 0.889374 0.441189 0.877013 0.416811 0.868979 0.424124 0.868361 0.440579 0.870833 0.447893 0.870833 0.459472 0.864705 0.470503 0.850437 0.453987 0.839338 0.434163 0.837458 0.413764 0.831202 0.397351 0.828805 0.359523 0.830659 0.313815 0.841784 0.280295 0.862180 0.263231 0.877631 0.257746 0.892465 0.253879 0.898687 0.237361 0.895815 0.216124 0.880104 0.201677 0.857236 0.202287 0.852291 0.195583 0.852291 0.162063 0.860944 0.138295 0.865888 0.120621 0.872687 0.101119
6 0.146077 0.944931 0.174278 0.943540 0.199189 0.939369 0.217519 0.919440 0.218929 0.892559 0.225980 0.877264 0.274392 0.870775 0.411167 0.868922 0.433258 0.868458 0.447358 0.889778 0.449708 0.925928 0.444538 0.931026 0.441718 0.940759 0.438898 0.948175 0.437488 0.956981 0.433951 0.971240 0.435608 0.989887 0.424797 0.992204 0.420071 0.975015 0.419627 0.952810 0.409287 0.962542 0.403798 0.969824 0.401766 0.987570 0.399886 0.989887 0.397536 0.992204 0.144667 0.992204 0.143257 0.977373 0.146077 0.960689
6 0.667326 0.829990 0.661216 0.905536 0.650406 0.905072 0.642415 0.910170 0.633015 0.906926 0.630195 0.895339 0.624555 0.883753 0.628315 0.869849 0.628785 0.858725 0.629725 0.843894 0.640065 0.847602 0.644765 0.834625 0.652756 0.830917
6 0.806793 0.985870 0.806793 0.954249 0.821630 0.911302 0.833116 0.904223 0.881935 0.902335 0.907302 0.907527 0.925489 0.921685 0.935540 0.941507 0.935540 0.952834 0.937455 0.958969 0.941762 0.970296 0.940805 0.984454 0.927404 0.991061 0.919746 0.988230 0.916395 0.992949 0.895815 0.992477 0.838860 0.992477 0.816843 0.990117