6 0.128792 0.004936 0.385868 0.004936 0.385868 0.283315 0.128792 0.283315
6 0.675077 0.007945 0.933260 0.007945 0.933260 0.250211 0.675077 0.250211
6 0.182954 0.521527 0.465027 0.521527 0.465027 0.701769 0.182954 0.701769
6 0.546557 0.546585 0.822778 0.546585 0.822778 0.725667 0.546557 0.725667
6 0.242268 0.827610 0.417356 0.827610 0.417356 0.947098 0.242268 0.947098
6 0.094802 0.835475 0.231130 0.835475 0.231130 0.984911 0.094802 0.984911
6 0.699455 0.884465 0.832425 0.884465 0.832425 0.973998 0.699455 0.973998
6 0.138786 0.272389 0.145309 0.220347 0.144494 0.193219 0.133078 0.166091 0.133078 0.113495 0.156724 0.073080 0.220324 0.059239 0.231740 0.053703 0.265170 0.016609 0.349154 0.013841 0.375247 0.032111 0.381770 0.077509 0.379324 0.101869 0.371170 0.119032 0.341816 0.128997 0.338554 0.141177 0.330401 0.156125 0.319801 0.176610 0.300232 0.197095 0.276586 0.196541 0.267616 0.203738 0.260278 0.224223 0.252124 0.243600 0.252124 0.259102 0.252124 0.276265 0.247232 0.281247 0.162432 0.282908 0.147755 0.280140
6 0.678569 0.111835 0.680199 0.057025 0.694876 0.020485 0.725045 0.009965 0.801691 0.011073 0.814737 0.043184 0.827783 0.063668 0.862029 0.089689 0.890568 0.094672 0.907691 0.109620 0.923998 0.134534 0.922368 0.162769 0.897906 0.184361 0.893014 0.197648 0.877522 0.230313 0.808214 0.247475 0.777230 0.239171 0.760107 0.224223 0.749507 0.192112 0.721784 0.155018 0.694061 0.130105
6 0.281478 0.527615 0.281478 0.557512 0.271693 0.583533 0.258647 0.592944 0.226847 0.595713 0.210540 0.599034 0.202386 0.618965 0.197897 0.621347 0.197494 0.635574 0.193417 0.659381 0.187709 0.681526 0.185263 0.688724 0.192601 0.699243 0.447816 0.699243 0.459231 0.687063 0.460862 0.644986 0.461677 0.612322 0.452708 0.597374 0.452708 0.577996 0.426616 0.565816 0.423354 0.578550 0.426616 0.584086 0.404684 0.582132 0.387477 0.575228 0.360570 0.559173 0.338554 0.547546 0.310016 0.527615 0.289632 0.523186
6 0.788027 0.580163 0.791146 0.605271 0.790255 0.624631 0.795601 0.637336 0.801393 0.645806 0.811194 0.646411 0.816540 0.648831 0.819213 0.660931 0.810303 0.667586 0.803620 0.674544 0.796938 0.682711 0.796938 0.690274 0.796938 0.704189 0.799611 0.720827 0.577743 0.723549 0.566605 0.712357 0.552794 0.713264 0.551012 0.702374 0.549675 0.679989 0.548784 0.659721 0.565268 0.635824 0.589772 0.625841 0.596900 0.641874 0.600910 0.646411 0.633433 0.631589 0.666846 0.582583 0.647012 0.568969 0.649917 0.557778 0.661946 0.549913 0.679321 0.548400 0.689122 0.550820
6 0.132225 0.972811 0.105494 0.971299 0.098366 0.966156 0.097475 0.946493 0.106385 0.930763 0.131334 0.926528 0.140245 0.912613 0.136235 0.907773 0.120196 0.907168 0.126879 0.883573 0.141136 0.867540 0.161629 0.859675 0.173658 0.842735 0.191479 0.837290 0.200389 0.844853 0.209745 0.854835 0.215091 0.864213 0.219992 0.878430 0.225784 0.886598 0.226675 0.906261 0.223556 0.912613 0.224002 0.923201 0.224002 0.935301 0.207963 0.934696 0.200389 0.943771 0.198162 0.947401 0.211527 0.947098 0.219547 0.948308 0.227120 0.958291 0.227120 0.966761 0.218656 0.971299 0.203508 0.967971 0.192816 0.970391 0.202171 0.978559 0.195043 0.982491 0.137126 0.973416
6 0.263207 0.910193 0.256970 0.891438 0.244496 0.873288 0.247614 0.844550 0.260980 0.830635 0.316669 0.837593 0.375923 0.837290 0.415574 0.840920 0.415574 0.854835 0.410228 0.863608 0.390180 0.870263 0.373696 0.876010 0.361221 0.887505 0.349638 0.901421 0.332708 0.907773 0.314887 0.912916 0.305086 0.920176 0.300185 0.927133 0.288156 0.945283 0.280583 0.946191 0.265880 0.918058
6 0.712289 0.967971 0.703379 0.946191 0.705606 0.924713 0.720308 0.903841 0.741248 0.891740 0.774216 0.888110 0.800947 0.889925 0.829906 0.903236 0.828569 0.922596 0.824560 0.933486 0.804066 0.951636 0.784909 0.959803 0.751940 0.963736 0.733228 0.962224 0.718526 0.970996