6 0.072078 0.526248 0.309380 0.526248 0.309380 0.859264 0.072078 0.859264
6 0.688967 0.570617 0.910298 0.570617 0.910298 0.828630 0.688967 0.828630
6 0.868767 0.078526 0.973122 0.078526 0.973122 0.261388 0.868767 0.261388
6 0.808128 0.265105 0.939102 0.265105 0.939102 0.452089 0.808128 0.452089
6 0.122067 0.044333 0.253920 0.044333 0.253920 0.172187 0.122067 0.172187
6 0.145230 0.161585 0.128588 0.137292 0.125707 0.118735 0.124747 0.088369 0.130188 0.071162 0.155792 0.054291 0.174994 0.049568 0.189076 0.048556 0.206039 0.048556 0.231002 0.063064 0.242844 0.077910 0.246044 0.097479 0.246684 0.112999 0.242524 0.130544 0.242524 0.139654 0.234843 0.156524 0.225881 0.162598 0.209239 0.164285 0.184596 0.167321 0.173714 0.166984
6 0.224601 0.853260 0.126027 0.671400 0.090502 0.608644 0.076100 0.584351 0.094343 0.547911 0.147470 0.533403 0.204758 0.535765 0.232922 0.560395 0.250845 0.582664 0.257886 0.604932 0.267487 0.627538 0.275488 0.647107 0.285730 0.670051 0.291811 0.686584 0.298532 0.701767 0.305253 0.713913 0.304933 0.736182 0.299172 0.759125 0.289570 0.779032 0.286050 0.784093 0.231642 0.844488
6 0.156112 0.864395 0.180435 0.884301 0.192277 0.903196 0.187796 0.920066 0.183635 0.933225 0.161552 0.942335 0.152591 0.939298 0.134669 0.941997 0.119306 0.940648 0.103304 0.937274 0.088902 0.937274 0.078021 0.935587 0.071620 0.930525 0.070019 0.904208 0.075460 0.884301 0.085702 0.877891 0.096263 0.880590 0.107145 0.878565 0.124427 0.869793 0.147790 0.868106
6 0.747555 0.824244 0.730272 0.816821 0.713630 0.798601 0.705309 0.783418 0.697628 0.758450 0.701788 0.701767 0.701148 0.672413 0.712990 0.642384 0.731553 0.609318 0.763557 0.585700 0.790441 0.578277 0.825006 0.579290 0.849969 0.581314 0.867252 0.581989 0.888375 0.598184 0.899576 0.622814 0.905657 0.644408 0.906297 0.670051 0.903417 0.697043 0.898616 0.712564 0.886134 0.733482 0.874933 0.750353 0.850929 0.761487 0.799722 0.796914 0.771558 0.815809
6 0.917499 0.265843 0.811084 0.398779 0.809804 0.410926 0.810604 0.430158 0.810924 0.438593 0.823085 0.441629 0.845169 0.448040 0.858931 0.444666 0.871732 0.423747 0.881014 0.420710 0.891255 0.420373 0.903417 0.424422 0.905337 0.405527 0.897016 0.397092 0.893815 0.395743 0.904377 0.365039 0.917179 0.335348 0.933821 0.339396 0.932541 0.313416 0.933501 0.294522 0.935741 0.273940 0.933821 0.266518
6 0.876213 0.094780 0.873973 0.116711 0.876853 0.131557 0.882614 0.144040 0.897656 0.163610 0.915579 0.182167 0.921339 0.192289 0.926140 0.208147 0.918779 0.243912 0.918779 0.248635 0.920059 0.254708 0.928060 0.258757 0.958145 0.255383 0.966146 0.254034 0.969666 0.210171 0.958465 0.183854 0.952704 0.171370 0.943422 0.154837 0.943422 0.134931 0.937982 0.115024 0.917499 0.106251 0.899576 0.092418 0.884534 0.087019
6 0.067409 0.860084 0.197342 0.860084 0.197342 0.948670 0.067409 0.948670