6 0.157937 0.322559 0.229762 0.322559 0.229762 0.482520 0.157937 0.482520
6 0.549206 0.291227 0.657540 0.291227 0.657540 0.477243 0.549206 0.477243
6 0.143759 0.655163 0.422439 0.655163 0.422439 0.779593 0.143759 0.779593
6 0.575496 0.665210 0.623413 0.665210 0.623413 0.757916 0.575496 0.757916
6 0.373677 0.316623 0.370370 0.355101 0.382937 0.393030 0.394841 0.434257 0.406746 0.463940 0.439153 0.485928 0.447751 0.470536 0.438492 0.457344 0.435185 0.452946 0.440476 0.443602 0.449735 0.422713 0.447090 0.397977 0.434524 0.383135 0.438492 0.351253 0.425265 0.339710 0.417989 0.336961 0.417989 0.317722 0.400132 0.313874 0.396825 0.321570
6 0.246693 0.330365 0.246032 0.304529 0.273148 0.295185 0.301587 0.299582 0.320767 0.311126 0.328042 0.369393 0.328704 0.407322 0.326058 0.444151 0.335979 0.461192 0.326720 0.474384 0.304894 0.473835 0.283730 0.460092 0.267857 0.442502 0.267857 0.412819 0.267857 0.386983
6 0.203704 0.324318 0.218254 0.335312 0.221561 0.368294 0.225529 0.399626 0.226190 0.435356 0.220899 0.466689 0.212302 0.479881 0.192460 0.475484 0.179894 0.443602 0.173280 0.429310 0.167328 0.418865 0.163360 0.404024 0.160714 0.385884 0.160714 0.358949 0.169974 0.338061 0.176587 0.347955 0.181878 0.346856 0.185185 0.335862 0.187169 0.324868
6 0.652116 0.317172 0.646164 0.362797 0.634259 0.413369 0.623016 0.439754 0.614418 0.460092 0.606481 0.473835 0.595238 0.474384 0.581349 0.475484 0.571429 0.457344 0.552249 0.440303 0.550265 0.419415 0.562169 0.364446 0.571429 0.350704 0.580688 0.348505 0.588624 0.328166 0.600529 0.314974 0.634921 0.322669 0.623677 0.312775 0.636905 0.294635 0.651455 0.305629 0.654762 0.311126
6 0.793651 0.374340 0.812169 0.512863 0.823413 0.490875 0.832011 0.469987 0.849206 0.447999 0.861772 0.429310 0.871693 0.419965 0.884921 0.396878 0.882275 0.377639 0.878968 0.364996 0.863095 0.372691 0.855820 0.380937 0.849868 0.389182 0.836640 0.395778 0.826720 0.394679 0.812169 0.387533
6 0.171296 0.740985 0.151455 0.733839 0.146825 0.716799 0.159392 0.689314 0.189153 0.675022 0.208333 0.667876 0.311508 0.657982 0.388889 0.657982 0.409392 0.659631 0.417989 0.671724 0.417328 0.684367 0.414021 0.701957 0.409392 0.710752 0.398810 0.725044 0.389550 0.736588 0.370370 0.754727 0.346561 0.756376 0.337302 0.760774 0.328704 0.769019 0.320767 0.772318 0.283730 0.777265 0.248016 0.761324 0.244709 0.753078 0.239418 0.764622 0.209656 0.767370 0.197090 0.755277
6 0.596825 0.666557 0.611508 0.691953 0.613492 0.711741 0.619444 0.734828 0.621825 0.751979 0.605556 0.755277 0.597619 0.755277 0.590873 0.744393 0.586111 0.733839 0.578968 0.723285 0.576190 0.706794 0.581746 0.683707 0.584524 0.668865
6 0.670635 0.761214 0.655556 0.754947 0.649603 0.738456 0.644444 0.720976 0.641667 0.698219 0.662302 0.675132 0.673413 0.669195 0.680556 0.666557 0.686111 0.698879 0.690079 0.707454 0.692063 0.719327 0.693254 0.732190 0.683333 0.743074 0.676190 0.758905
6 0.766667 0.672493 0.782143 0.671834 0.809921 0.681069 0.826984 0.692942 0.835714 0.701517 0.843254 0.714050 0.846032 0.724934 0.850794 0.736148 0.850794 0.743404 0.850794 0.753298 0.842063 0.752968 0.834921 0.752968 0.836111 0.767480 0.833730 0.773417 0.819048 0.776715 0.810317 0.777375 0.801190 0.785620 0.796429 0.798153 0.795635 0.811016 0.797222 0.819591 0.800000 0.828166 0.800000 0.838391 0.800000 0.849274 0.798810 0.864776 0.796032 0.884235 0.787302 0.887533 0.768651 0.875989 0.754365 0.870383 0.748810 0.863786 0.732937 0.861148 0.717460 0.848615 0.726984 0.817612
6 0.243008 0.292491 0.340797 0.292491 0.340797 0.478994 0.243008 0.478994
6 0.366780 0.310160 0.451814 0.310160 0.451814 0.489202 0.366780 0.489202
6 0.791478 0.358062 0.887850 0.358062 0.887850 0.516687 0.791478 0.516687
6 0.637472 0.662748 0.696995 0.662748 0.696995 0.764834 0.637472 0.764834
6 0.715545 0.670101 0.852545 0.670101 0.852545 0.889978 0.715545 0.889978