1 0.266798 0.300620 0.467703 0.300620 0.467703 0.493158 0.266798 0.493158
1 0.175984 0.377362 0.266798 0.377362 0.266798 0.502257 0.175984 0.502257
1 0.545713 0.340109 0.822895 0.340109 0.822895 0.512038 0.545713 0.512038
1 0.228678 0.618876 0.350439 0.618876 0.350439 0.728566 0.228678 0.728566
1 0.088584 0.633536 0.225315 0.633536 0.225315 0.777627 0.088584 0.777627
1 0.696204 0.683580 0.830743 0.683580 0.830743 0.762580 0.696204 0.762580
1 0.206841 0.385790 0.202369 0.394793 0.198394 0.402129 0.189947 0.417133 0.185972 0.430471 0.191438 0.453812 0.188953 0.459147 0.181003 0.466149 0.179016 0.481154 0.179016 0.489157 0.191438 0.496492 0.229201 0.499160 0.260504 0.501160 0.263485 0.433472 0.262988 0.395126 0.251560 0.394793 0.235660 0.391792 0.224729 0.385457
1 0.288826 0.305098 0.274417 0.339775 0.269448 0.371786 0.268454 0.390458 0.272926 0.466816 0.357892 0.492157 0.432921 0.490490 0.448821 0.485489 0.456771 0.470484 0.456275 0.455479 0.454784 0.434139 0.459256 0.425803 0.465218 0.420134 0.463231 0.403796 0.449815 0.394793 0.448325 0.376454 0.448325 0.360449 0.428449 0.354447 0.418015 0.360115 0.416524 0.372453 0.396649 0.369785 0.360377 0.355114 0.329570 0.324437 0.302739 0.309099
1 0.682355 0.344777 0.715646 0.358115 0.762849 0.358115 0.790178 0.358781 0.782724 0.397794 0.783221 0.416133 0.798128 0.424136 0.804587 0.433139 0.816015 0.435806 0.817506 0.449811 0.800612 0.463815 0.800612 0.472151 0.794650 0.480154 0.791668 0.495492 0.566085 0.506162 0.556147 0.501494 0.548197 0.483821 0.550682 0.458813 0.558135 0.433805 0.572544 0.413799 0.586954 0.414466 0.593413 0.424803 0.594407 0.437140 0.611798 0.434139 0.634654 0.417133 0.656020 0.392125 0.658505 0.383789 0.644592 0.370452 0.638629 0.353780 0.652045 0.343777 0.673411 0.341443 0.687820 0.343777
1 0.145228 0.767246 0.129825 0.766245 0.104484 0.765912 0.091068 0.756575 0.096534 0.734902 0.102993 0.719564 0.124856 0.709894 0.129825 0.703225 0.114918 0.691221 0.130818 0.674883 0.140756 0.661212 0.150694 0.651542 0.148706 0.638871 0.171563 0.635537 0.201872 0.638871 0.215288 0.652876 0.219263 0.664213 0.221747 0.693222 0.221747 0.704225 0.221747 0.729900 0.221251 0.739237 0.222741 0.755909 0.221251 0.764578 0.201375 0.769246 0.178022 0.774248 0.169575 0.761244 0.155662 0.763244
1 0.256032 0.704559 0.242616 0.682552 0.236654 0.663212 0.229697 0.632202 0.243113 0.625867 0.267957 0.627868 0.315161 0.643539 0.338017 0.656543 0.346464 0.679217 0.343483 0.697557 0.320626 0.704559 0.308204 0.710561 0.291807 0.719897 0.282864 0.723231 0.272429 0.726232
1 0.702230 0.756575 0.697261 0.735235 0.704218 0.709560 0.724590 0.684552 0.750427 0.684552 0.788687 0.688220 0.815022 0.692555 0.827941 0.720230 0.823965 0.738570 0.809059 0.746572 0.783221 0.736569 0.780240 0.740904 0.769309 0.750574 0.748440 0.758243 0.733533 0.760243