1 0.123817 0.183878 0.398905 0.183878 0.398905 0.471801 0.123817 0.471801
1 0.341368 0.541263 0.399486 0.541263 0.399486 0.657431 0.341368 0.657431
1 0.096513 0.616824 0.265625 0.616824 0.265625 0.894395 0.096513 0.894395
1 0.592842 0.068857 0.649923 0.068857 0.649923 0.259569 0.592842 0.259569
1 0.781536 0.267804 0.854176 0.267804 0.854176 0.442861 0.781536 0.442861
1 0.589558 0.559768 0.637544 0.559768 0.637544 0.643220 0.589558 0.643220
1 0.675305 0.638413 0.827268 0.638413 0.827268 0.811123 0.675305 0.811123
1 0.146056 0.189673 0.303258 0.188131 0.319931 0.213832 0.333746 0.232851 0.353754 0.252384 0.359470 0.270374 0.366139 0.297103 0.375667 0.330001 0.381860 0.351076 0.386623 0.375749 0.388529 0.411216 0.382812 0.426637 0.382336 0.456964 0.162729 0.466216 0.140816 0.444113 0.138910 0.416870 0.137481 0.394767 0.134623 0.374206 0.127954 0.353646 0.147485 0.320234 0.149867 0.289907 0.150343 0.258552 0.143674 0.227197 0.139386 0.200982 0.139386 0.189673
1 0.644817 0.147524 0.616235 0.254954 0.607184 0.252384 0.602896 0.215374 0.612424 0.193271 0.611947 0.159860 0.605755 0.132617 0.595751 0.106402 0.595751 0.080701 0.607660 0.072991 0.624333 0.072477 0.637671 0.086869 0.643864 0.101776 0.642912 0.112056 0.638148 0.124907 0.638148 0.131075 0.639101 0.139813
1 0.784394 0.301216 0.788205 0.278599 0.791540 0.278599 0.802496 0.291449 0.810595 0.272431 0.818216 0.269860 0.832508 0.281683 0.846799 0.282197 0.849657 0.287337 0.843464 0.301730 0.842988 0.310468 0.843941 0.324861 0.845846 0.348505 0.842988 0.373692 0.840606 0.389113 0.838224 0.406076 0.838700 0.418412 0.839653 0.430235 0.830602 0.439487 0.802020 0.435375 0.785823 0.295047
1 0.167969 0.618880 0.194169 0.619394 0.211795 0.635843 0.223704 0.652805 0.235137 0.680562 0.240377 0.702151 0.247046 0.732992 0.252287 0.761777 0.255621 0.792105 0.258956 0.823460 0.262290 0.864581 0.261814 0.881030 0.258479 0.890796 0.242759 0.870750 0.236090 0.859441 0.229421 0.854815 0.217988 0.854301 0.207984 0.857899 0.189405 0.847105 0.183213 0.834768 0.179878 0.826030 0.173685 0.784394 0.157965 0.777198 0.136052 0.790049 0.123666 0.776170 0.118426 0.761263 0.112233 0.747899 0.103182 0.745329 0.098895 0.737105 0.099371 0.710375 0.108899 0.694955 0.111280 0.679534 0.114139 0.670796 0.118902 0.658459 0.127001 0.647665
1 0.348514 0.554627 0.363758 0.544861 0.379478 0.543833 0.388053 0.557712 0.389005 0.573646 0.389958 0.582899 0.392816 0.598833 0.398533 0.615282 0.396627 0.634301 0.388529 0.640469 0.379954 0.632244 0.377096 0.643553 0.370903 0.647665 0.358518 0.653319 0.349943 0.652291 0.342797 0.634815 0.343750 0.611170 0.344703 0.559254
1 0.592893 0.605001 0.590034 0.591637 0.596227 0.576216 0.603849 0.565422 0.619569 0.561310 0.634813 0.565422 0.640053 0.575188 0.637671 0.596777 0.632431 0.612198 0.626715 0.621964 0.626715 0.635843 0.615282 0.638927 0.603849 0.633273 0.595274 0.620936
1 0.682450 0.752525 0.678163 0.704721 0.689120 0.680562 0.707222 0.668740 0.736280 0.651263 0.749619 0.644581 0.766768 0.641497 0.777248 0.641497 0.792969 0.645095 0.805831 0.663600 0.819646 0.688273 0.823933 0.705749 0.825362 0.727338 0.825362 0.746871 0.792969 0.772058 0.779630 0.779768 0.779154 0.787478 0.774867 0.798273 0.772008 0.805983 0.758670 0.809581 0.746761 0.792105 0.713415 0.784394 0.688643 0.768974