1 0.270115 0.186793 0.316444 0.186793 0.316444 0.302185 0.270115 0.302185
1 0.560990 0.120855 0.631363 0.120855 0.631363 0.317171 0.560990 0.317171
1 0.097904 0.629867 0.119507 0.629867 0.119507 0.741452 0.097904 0.741452
1 0.265674 0.582297 0.295332 0.582297 0.295332 0.638620 0.265674 0.638620
1 0.592455 0.586260 0.622140 0.586260 0.622140 0.678447 0.592455 0.678447
1 0.670633 0.601614 0.710987 0.601614 0.710987 0.717955 0.670633 0.717955
1 0.712292 0.322416 0.736336 0.322416 0.736336 0.384608 0.712292 0.384608
1 0.272070 0.224757 0.278716 0.285700 0.297091 0.298189 0.302174 0.297689 0.302565 0.280705 0.302956 0.262722 0.304910 0.245238 0.306865 0.228754 0.309602 0.207773 0.310775 0.187292 0.302956 0.192288 0.292400 0.195285 0.286144 0.197283 0.290054 0.210271 0.292791 0.221760 0.293182 0.226755 0.292791 0.232750 0.289272 0.234248 0.285362 0.234248 0.283408 0.237246 0.278716 0.231751
1 0.627326 0.132428 0.581440 0.312825 0.579836 0.309545 0.579515 0.290686 0.574702 0.265676 0.569247 0.249276 0.565075 0.237387 0.563471 0.222627 0.563471 0.205407 0.567642 0.180807 0.580477 0.149648 0.584007 0.143088 0.594596 0.147188 0.601656 0.157028 0.606148 0.159488 0.609678 0.158258 0.609678 0.141448 0.609357 0.129148 0.612245 0.125048 0.623797 0.126278
1 0.715564 0.325747 0.724880 0.371698 0.729863 0.379449 0.732462 0.377788 0.731812 0.370591 0.732896 0.360349 0.732896 0.347339 0.729646 0.335713 0.727046 0.327685 0.722497 0.329899
1 0.159555 0.633144 0.162647 0.644469 0.166151 0.654742 0.169450 0.664487 0.173779 0.670018 0.174809 0.675286 0.173160 0.680817 0.168625 0.679237 0.161204 0.677657
1 0.109256 0.633934 0.117295 0.737973 0.113173 0.732178 0.109874 0.726647 0.107194 0.721906 0.104308 0.716902 0.102247 0.709790 0.102659 0.704259 0.101629 0.698201 0.099567 0.692143 0.099567 0.681081 0.098743 0.667648 0.104515 0.641309 0.105751 0.631563
1 0.269841 0.584417 0.266749 0.628403 0.268811 0.631563 0.274376 0.634197 0.284684 0.634197 0.290043 0.627086 0.293548 0.605224 0.292929 0.590211 0.290456 0.584943 0.285302 0.584417 0.279736 0.584417 0.274995 0.585997
1 0.602350 0.588367 0.617605 0.592582 0.620491 0.667648 0.617192 0.675286 0.609565 0.664224 0.605442 0.656322 0.601938 0.647367 0.601938 0.639992 0.598639 0.637358 0.598846 0.626032 0.600701 0.622608 0.600907 0.617867 0.595238 0.618415 0.596617 0.605201 0.603381 0.597586 0.602556 0.594162
1 0.702536 0.609702 0.672026 0.661326 0.673263 0.681344 0.677386 0.701362 0.681509 0.710317 0.686456 0.716375 0.694084 0.708210 0.699443 0.698464 0.699443 0.676866 0.696819 0.669215 0.697279 0.658644 0.702335 0.648367 0.709338 0.639992 0.709338 0.621555 0.710575 0.603381
1 0.753659 0.719536 0.727273 0.720326 0.723974 0.711634 0.720470 0.701625 0.719852 0.679764 0.722531 0.664224 0.722119 0.656322 0.716966 0.646840 0.715316 0.650264 0.711812 0.643416 0.712637 0.634724 0.715935 0.628139 0.717378 0.624715 0.756339 0.623925 0.764585 0.629983 0.767471 0.635778 0.769944 0.640782 0.776335 0.647103 0.775098 0.689246 0.768501 0.694250 0.762317 0.697674
1 0.158033 0.629815 0.176648 0.629815 0.176648 0.682965 0.158033 0.682965
1 0.710024 0.622047 0.777591 0.622047 0.777591 0.721592 0.710024 0.721592