1 0.270828 0.030556 0.310760 0.030556 0.310760 0.256492 0.270828 0.256492
1 0.585542 0.015037 0.819485 0.015037 0.819485 0.211805 0.585542 0.211805
1 0.267270 0.469191 0.379555 0.469191 0.379555 0.625748 0.267270 0.625748
1 0.562215 0.405290 0.612427 0.405290 0.612427 0.563673 0.562215 0.563673
1 0.308784 0.034664 0.297713 0.246450 0.286247 0.252840 0.277549 0.245537 0.274386 0.230018 0.274386 0.197611 0.275177 0.167030 0.279131 0.159727 0.287038 0.149686 0.291387 0.137818 0.291387 0.112258 0.291387 0.101760 0.294155 0.083503 0.298504 0.071635
1 0.409998 0.039685 0.452303 0.213587 0.474839 0.208566 0.486304 0.188939 0.493026 0.148316 0.493026 0.113171 0.495398 0.083503 0.488677 0.058399 0.470885 0.046988 0.461791 0.039685 0.455070 0.028274 0.445977 0.026905 0.438069 0.039685 0.435697 0.045162 0.429767 0.044706
1 0.279526 0.608860 0.273991 0.574627 0.269642 0.539025 0.278735 0.516203 0.287434 0.501598 0.305225 0.487904 0.330133 0.472842 0.343181 0.479232 0.361763 0.513008 0.365321 0.544046 0.375206 0.585125 0.377973 0.603383 0.375206 0.615706 0.364531 0.607491 0.358205 0.599731 0.351088 0.599275 0.343181 0.607034 0.335669 0.615250 0.324994 0.623009 0.303248 0.622096 0.290201 0.617076
1 0.457442 0.416701 0.454279 0.519855 0.463373 0.519399 0.468117 0.497490 0.470490 0.488361 0.478397 0.486535 0.479978 0.497490 0.478002 0.507988 0.478792 0.517116 0.486304 0.515291 0.492235 0.502054 0.495398 0.481971 0.491049 0.464626 0.482746 0.441348 0.470094 0.418526 0.461396 0.416244
1 0.732224 0.663176 0.720758 0.668196 0.704153 0.668196 0.702571 0.645375 0.709293 0.630769 0.709688 0.603383 0.714037 0.577822 0.724712 0.563673 0.723131 0.545872 0.720363 0.528071 0.720758 0.510726 0.732620 0.493838 0.746457 0.475124 0.767807 0.477863 0.784018 0.495664 0.787576 0.525789 0.788367 0.550893 0.772552 0.582387 0.768994 0.591059 0.761482 0.605665 0.753179 0.629856 0.744085 0.657698
1 0.585938 0.408485 0.608869 0.507988 0.599380 0.513008 0.595822 0.509357 0.589891 0.513921 0.587914 0.520768 0.587914 0.531266 0.586728 0.546785 0.578821 0.558196 0.571704 0.559108 0.564192 0.535830 0.564192 0.529897 0.569332 0.508444 0.577239 0.481971 0.580402 0.461431 0.581193 0.438609 0.581588 0.438609
1 0.584356 0.197155 0.593054 0.141926 0.602148 0.079395 0.609264 0.031925 0.614799 0.027361 0.622707 0.050183 0.623893 0.069353 0.632196 0.071635 0.634568 0.056573 0.646429 0.037859 0.663035 0.035120 0.671337 0.048357 0.681222 0.036490 0.689129 0.027817 0.700199 0.018689 0.712060 0.017776 0.726294 0.033295 0.731038 0.046075 0.737364 0.058399 0.744481 0.069810 0.758714 0.080764 0.771366 0.086241 0.785204 0.098109 0.800623 0.094913 0.812880 0.092631 0.816438 0.105411 0.816043 0.116366 0.808530 0.124582 0.800228 0.134167 0.792716 0.150599 0.788367 0.165205 0.785204 0.173420 0.783622 0.184375 0.778878 0.205827
1 0.407626 0.024166 0.497770 0.024166 0.497770 0.217238 0.407626 0.217238
1 0.451907 0.413049 0.497770 0.413049 0.497770 0.523506 0.451907 0.523506
1 0.699804 0.472386 0.791530 0.472386 0.791530 0.673674 0.699804 0.673674