6 0.341309 0.207293 0.404880 0.207293 0.404880 0.392829 0.341309 0.392829
6 0.529109 0.234106 0.636338 0.234106 0.636338 0.370698 0.529109 0.370698
6 0.193080 0.586981 0.325614 0.586981 0.325614 0.745420 0.193080 0.745420
6 0.507610 0.527629 0.566584 0.527629 0.566584 0.737876 0.507610 0.737876
6 0.345272 0.266581 0.381417 0.388806 0.383954 0.374722 0.387125 0.372207 0.394734 0.371201 0.399173 0.357118 0.388393 0.348567 0.387759 0.341022 0.396002 0.331969 0.393466 0.309837 0.390929 0.298772 0.383954 0.295754 0.380149 0.283179 0.380149 0.247970 0.372540 0.224833 0.366832 0.214271 0.354784 0.222821 0.363662 0.236905 0.365564 0.257024 0.366832 0.266581 0.364930 0.275132 0.356686 0.276640
6 0.632533 0.258030 0.557072 0.366171 0.544389 0.363154 0.544389 0.341525 0.538048 0.329454 0.534243 0.325933 0.532975 0.312855 0.538682 0.300784 0.536780 0.289718 0.534877 0.281167 0.538048 0.258533 0.551365 0.242438 0.573559 0.242438 0.588778 0.254006 0.602729 0.250988 0.607168 0.244450 0.607802 0.255012 0.603363 0.263563 0.612241 0.267587
6 0.709898 0.327945 0.690874 0.384279 0.701654 0.397859 0.718141 0.399368 0.732726 0.380758 0.732726 0.366171 0.724483 0.349070
6 0.202592 0.600058 0.249518 0.591508 0.271713 0.620178 0.276152 0.638285 0.288834 0.661925 0.298980 0.677518 0.304688 0.691601 0.320541 0.722786 0.317370 0.741396 0.301517 0.737373 0.271713 0.738379 0.248250 0.740391 0.229226 0.740391 0.221616 0.715744 0.220348 0.686571 0.212738 0.686068 0.199422 0.686068 0.196885 0.672488 0.201958 0.654380 0.204495 0.643315 0.206397 0.625710
6 0.334492 0.574406 0.401075 0.561832 0.400441 0.579939 0.403612 0.589496 0.413758 0.603579 0.415026 0.618166 0.414392 0.626213 0.398539 0.629734 0.354150 0.647842 0.339565 0.646333 0.327516 0.640297 0.322443 0.631243 0.331955 0.607603 0.333223 0.590502
6 0.527902 0.530647 0.551999 0.616154 0.539316 0.618166 0.539316 0.631243 0.539316 0.646333 0.539316 0.665446 0.545023 0.681542 0.546926 0.689086 0.550096 0.702164 0.553267 0.709206 0.558974 0.721277 0.560242 0.732343 0.553267 0.732846 0.538048 0.727816 0.534243 0.709206 0.525365 0.683050 0.517122 0.656895 0.515219 0.635267 0.512048 0.608609 0.512048 0.577424 0.519024 0.542718
6 0.625558 0.646836 0.668679 0.533162 0.711166 0.532659 0.735897 0.548251 0.738433 0.563844 0.728921 0.588993 0.736531 0.609112 0.745409 0.619172 0.740970 0.632752 0.733360 0.639291 0.725751 0.638788 0.719409 0.649854 0.707995 0.659913 0.696581 0.668464 0.695947 0.685062 0.680727 0.695625 0.668045 0.696128 0.644582 0.678524 0.628729 0.665446
6 0.686435 0.325430 0.736531 0.325430 0.736531 0.404398 0.686435 0.404398
6 0.621753 0.529641 0.749214 0.529641 0.749214 0.698643 0.621753 0.698643